{
 "cells": [
  {
   "cell_type": "code",
   "execution_count": 8,
   "metadata": {
    "collapsed": true
   },
   "outputs": [],
   "source": [
    "import pandas as pd\n",
    "import numpy as np\n",
    "import matplotlib.pyplot as plt\n",
    "%matplotlib inline\n",
    "\n"
   ]
  },
  {
   "cell_type": "code",
   "execution_count": 9,
   "metadata": {
    "collapsed": false
   },
   "outputs": [
    {
     "data": {
      "text/html": [
       "<div>\n",
       "<style scoped>\n",
       "    .dataframe tbody tr th:only-of-type {\n",
       "        vertical-align: middle;\n",
       "    }\n",
       "\n",
       "    .dataframe tbody tr th {\n",
       "        vertical-align: top;\n",
       "    }\n",
       "\n",
       "    .dataframe thead th {\n",
       "        text-align: right;\n",
       "    }\n",
       "</style>\n",
       "<table border=\"1\" class=\"dataframe\">\n",
       "  <thead>\n",
       "    <tr style=\"text-align: right;\">\n",
       "      <th></th>\n",
       "      <th>instant</th>\n",
       "      <th>dteday</th>\n",
       "      <th>season</th>\n",
       "      <th>yr</th>\n",
       "      <th>mnth</th>\n",
       "      <th>hr</th>\n",
       "      <th>holiday</th>\n",
       "      <th>weekday</th>\n",
       "      <th>workingday</th>\n",
       "      <th>weathersit</th>\n",
       "      <th>temp</th>\n",
       "      <th>atemp</th>\n",
       "      <th>hum</th>\n",
       "      <th>windspeed</th>\n",
       "      <th>casual</th>\n",
       "      <th>registered</th>\n",
       "      <th>cnt</th>\n",
       "    </tr>\n",
       "  </thead>\n",
       "  <tbody>\n",
       "    <tr>\n",
       "      <th>0</th>\n",
       "      <td>1</td>\n",
       "      <td>2011-01-01</td>\n",
       "      <td>1</td>\n",
       "      <td>0</td>\n",
       "      <td>1</td>\n",
       "      <td>0</td>\n",
       "      <td>0</td>\n",
       "      <td>6</td>\n",
       "      <td>0</td>\n",
       "      <td>1</td>\n",
       "      <td>0.24</td>\n",
       "      <td>0.2879</td>\n",
       "      <td>0.81</td>\n",
       "      <td>0.0</td>\n",
       "      <td>3</td>\n",
       "      <td>13</td>\n",
       "      <td>16</td>\n",
       "    </tr>\n",
       "    <tr>\n",
       "      <th>1</th>\n",
       "      <td>2</td>\n",
       "      <td>2011-01-01</td>\n",
       "      <td>1</td>\n",
       "      <td>0</td>\n",
       "      <td>1</td>\n",
       "      <td>1</td>\n",
       "      <td>0</td>\n",
       "      <td>6</td>\n",
       "      <td>0</td>\n",
       "      <td>1</td>\n",
       "      <td>0.22</td>\n",
       "      <td>0.2727</td>\n",
       "      <td>0.80</td>\n",
       "      <td>0.0</td>\n",
       "      <td>8</td>\n",
       "      <td>32</td>\n",
       "      <td>40</td>\n",
       "    </tr>\n",
       "  </tbody>\n",
       "</table>\n",
       "</div>"
      ],
      "text/plain": [
       "   instant      dteday  season  yr  mnth  hr  holiday  weekday  workingday  \\\n",
       "0        1  2011-01-01       1   0     1   0        0        6           0   \n",
       "1        2  2011-01-01       1   0     1   1        0        6           0   \n",
       "\n",
       "   weathersit  temp   atemp   hum  windspeed  casual  registered  cnt  \n",
       "0           1  0.24  0.2879  0.81        0.0       3          13   16  \n",
       "1           1  0.22  0.2727  0.80        0.0       8          32   40  "
      ]
     },
     "execution_count": 9,
     "metadata": {},
     "output_type": "execute_result"
    }
   ],
   "source": [
    "bike_rentals = pd.read_csv(\"bike_rental_hour.csv\")\n",
    "bike_rentals.head(2)"
   ]
  },
  {
   "cell_type": "code",
   "execution_count": 13,
   "metadata": {
    "collapsed": false
   },
   "outputs": [
    {
     "data": {
      "image/png": "iVBORw0KGgoAAAANSUhEUgAAAYcAAAEACAYAAABYq7oeAAAABHNCSVQICAgIfAhkiAAAAAlwSFlz\nAAALEgAACxIB0t1+/AAAGXdJREFUeJzt3X9M3PXhx/HXIYxvXLOuZPauucMy64F3CIUqaDKz8EUK\nlaQws0rQpqVaXVa2zKrJnMsy5Z8ebkmXOtvExDZtFyfhj6U034WCq16yderFUbKlxSIpKFx7sFXE\nVtdivff3D+yt3ZtfpQcc3PORXHL3/tz783l/3qW88v68358PDmOMEQAAV0mZ7wYAABIP4QAAsBAO\nAAAL4QAAsBAOAAAL4QAAsEwZDpcuXdI999yjwsJC5ebm6uc//7kkaXh4WOXl5crJyVFFRYVGRkZi\ndQKBgLxer3w+n9rb22PlHR0dys/PV3Z2trZv3z4LpwMAiIcpwyE9PV1vvfWWjh8/rr///e968803\ndezYMTU2NqqsrEynTp1SaWmpAoGAJOnkyZNqbm5WV1eXWltbVV9fryu3Umzbtk179+5Vd3e3uru7\n1dbWNrtnBwCYkWldVrr55psljY0iotGoli1bppaWFtXV1UmS6urqdOjQIUnS4cOHVVtbq9TUVGVl\nZcnr9SoUCikSiej8+fMqKiqSJG3evDlWBwCQWKYVDtFoVIWFhXK5XCopKZHf79fg4KCcTqckyeVy\naWhoSJIUDoeVmZkZq+t2uxUOhxUOh+XxeGLlHo9H4XA4nucCAIiT1Ol8KSUlRcePH9enn36qiooK\nBYNBORyOa77z358BAAvXtMLhim984xuqrKzUe++9J6fTGRs9RCIRLV++XNLYSKG/vz9WZ2BgQG63\ne8Ly8RA0ADAz8Xpc3pSXlf71r3/FViL9+9//1htvvKHCwkJVVVVp//79kqQDBw6ourpaklRVVaWm\npiaNjo6qt7dXPT09Ki4ulsvl0tKlSxUKhWSM0cGDB2N1xmesV3r6Mp07d07GmKR5Pf/88/PehkR5\n0Rf0BX0x+Suephw5nD17VnV1dTLGKBqNatOmTbr//vtVWFiompoa7du3TytXrlRzc7Mkye/3q6am\nRn6/X2lpadqzZ09sJLB7925t2bJFFy9eVGVlpdatWxfXkwEAxMeU4ZCXl6eOjg6rPCMjQ3/605/G\nrfPcc8/pueees8rvuusu/eMf/5hBMwEAc4k7pBNcSUnJfDchYdAX/0Ff/Ad9MTscJt4XquJg7DKU\n3az09AydOdOjjIyMuW8UACQ4h8MRt7kHRg4AAAvhAACwEA4AAAvhAACwEA4AAAvhAACwEA4AAAvh\nAACwEA4AAAvhAACwEA4AAAvhAACwEA4AAAvhAACwEA4AAAvhAACwEA4AAAvhAACwEA4AAAvhAACw\nEA4AAAvhAACwEA4AAAvhAACwEA4AAAvhAACwTBkOAwMDKi0tVW5urvLy8vTb3/5WktTQ0CCPx6M1\na9ZozZo1OnLkSKxOIBCQ1+uVz+dTe3t7rLyjo0P5+fnKzs7W9u3bZ+F0AADxkDrlF1JTtXPnThUU\nFOjChQu66667tHbtWknS008/raeffvqa73d1dam5uVldXV0aGBhQWVmZPvjgAzkcDm3btk179+5V\nUVGRKisr1dbWpoqKitk5MwDAjE05cnC5XCooKJAkLVmyRD6fT+FwWJJkjLG+39LSotraWqWmpior\nK0ter1ehUEiRSETnz59XUVGRJGnz5s06dOhQPM8FABAn1zXn0NfXp87OTt1zzz2SpJdfflkFBQV6\n/PHHNTIyIkkKh8PKzMyM1XG73QqHwwqHw/J4PLFyj8cTCxkAQGKZdjhcuHBBGzZs0K5du7RkyRLV\n19fr9OnT6uzslMvl0jPPPDOb7QQAzKEp5xwk6fLly9qwYYM2bdqk6upqSdItt9wS2/7EE09o/fr1\nksZGCv39/bFtAwMDcrvdE5ZP7IWr3pd89QIAXBEMBhUMBmdn52YaNm3aZJ566qlrys6ePRt7v3Pn\nTvPwww8bY4w5ceKEKSgoMJcuXTKnT582q1atMtFo1BhjzD333GPeffddE41GzQMPPGBaW1vHPZ4k\nIxnrlZ6+zJw7d246TQaApDPNX+nTMuXI4dixY3rttdeUl5enwsJCORwO7dixQ7///e/V2dmplJQU\nZWVl6ZVXXpEk+f1+1dTUyO/3Ky0tTXv27JHD4ZAk7d69W1u2bNHFixdVWVmpdevWzU7iAQBuiOOr\ntEkoY2FiNys9PUNnzvQoIyNj7hsFAAnO4XCMu4p0JrhDGgBgIRwAABbCAQBgIRwAABbCAQBgIRwA\nABbCAQBgIRwAABbCAQBgIRwAABbCAQBgIRwAABbCAQBgIRwAABbCAQBgIRwAABbCAQBgIRwAABbC\nAQBgIRwAABbCAQBgIRwAABbCAQBgIRwAABbCAQBgIRwAABbCAQBgIRwAABbCAQBgmTIcBgYGVFpa\nqtzcXOXl5emll16SJA0PD6u8vFw5OTmqqKjQyMhIrE4gEJDX65XP51N7e3usvKOjQ/n5+crOztb2\n7dtn4XQAAPEwZTikpqZq586dOnHihN5++23t3r1b77//vhobG1VWVqZTp06ptLRUgUBAknTy5Ek1\nNzerq6tLra2tqq+vlzFGkrRt2zbt3btX3d3d6u7uVltb2+yeHQBgRqYMB5fLpYKCAknSkiVL5PP5\nNDAwoJaWFtXV1UmS6urqdOjQIUnS4cOHVVtbq9TUVGVlZcnr9SoUCikSiej8+fMqKiqSJG3evDlW\nBwCQWK5rzqGvr0+dnZ269957NTg4KKfTKWksQIaGhiRJ4XBYmZmZsTput1vhcFjhcFgejydW7vF4\nFA6H43EOAIA4S53uFy9cuKANGzZo165dWrJkiRwOxzXb//vzjXvhqvclX70AAFcEg0EFg8FZ2fe0\nwuHy5cvasGGDNm3apOrqakmS0+mMjR4ikYiWL18uaWyk0N/fH6s7MDAgt9s9YfnEXrj+swGAJFJS\nUqKSkpLY54aGhrjte1qXlR577DH5/X49+eSTsbKqqirt379fknTgwIFYaFRVVampqUmjo6Pq7e1V\nT0+PiouL5XK5tHTpUoVCIRljdPDgwVgdAEBicZgrS4kmcOzYMX33u99VXl6eHA6HHA6HduzYoeLi\nYtXU1Ki/v18rV65Uc3OzvvnNb0oaW8q6d+9epaWladeuXSovL5ck/e1vf9OWLVt08eJFVVZWateu\nXeM3yuGQZDcrPT1DZ870KCMj4wZPGwAWH4fDoSl+pU9/X1OFw3wgHADg+sUzHLhDGgBgIRwAABbC\nAQBgIRwAABbCAQBgIRwAABbCAQBgIRwAABbCAQBgIRwAABbCAQBgIRwAABbCAQBgIRwAABbCAQBg\nIRwAABbCAQBgIRwAABbCAQBgIRwAABbCAQBgIRwAABbCAQBgIRwAABbCAQBgIRwAABbCAQBgIRwA\nAJYpw2Hr1q1yOp3Kz8+PlTU0NMjj8WjNmjVas2aNjhw5EtsWCATk9Xrl8/nU3t4eK+/o6FB+fr6y\ns7O1ffv2OJ8GACCepgyHRx99VG1tbVb5008/rY6ODnV0dGjdunWSpK6uLjU3N6urq0utra2qr6+X\nMUaStG3bNu3du1fd3d3q7u4ed58AgMQwZTjcd999WrZsmVV+5Zf+1VpaWlRbW6vU1FRlZWXJ6/Uq\nFAopEono/PnzKioqkiRt3rxZhw4dikPzAQCzYcZzDi+//LIKCgr0+OOPa2RkRJIUDoeVmZkZ+47b\n7VY4HFY4HJbH44mVezwehcPhG2g2AGA2pc6kUn19vX75y1/K4XDoF7/4hZ555hm9+uqrcW7aC1e9\nL/nqBQC4IhgMKhgMzsq+ZxQOt9xyS+z9E088ofXr10saGyn09/fHtg0MDMjtdk9YPrkXZtI0AEga\nJSUlKikpiX1uaGiI276ndVnJGHPNHEMkEom9/8Mf/qA777xTklRVVaWmpiaNjo6qt7dXPT09Ki4u\nlsvl0tKlSxUKhWSM0cGDB1VdXR23kwAAxNeUI4dHHnlEwWBQ586d06233qqGhga99dZb6uzsVEpK\nirKysvTKK69Ikvx+v2pqauT3+5WWlqY9e/bI4XBIknbv3q0tW7bo4sWLqqysjK1wAgAkHocZb9nR\nPBsLFLtZ6ekZOnOmRxkZGXPfKABIcA6HY9yVpDPBHdIAAAvhAACwEA4AAAvhAACwLLhw8PkK5XA4\nrJfLlTXfTQOARWPBrVa6dGl43G1S/GbpAWAhYrUSAGBWEQ4AAAvhAACwEA4AAAvhAACwEA4AAAvh\nAACwEA4AAAvhAACwEA4AAAvhAACwEA4AAAvhAACwEA4AAAvhAACwEA4AAAvhAACwEA4AAAvhAACw\nEA4AAAvhAACwEA4AAMuU4bB161Y5nU7l5+fHyoaHh1VeXq6cnBxVVFRoZGQkti0QCMjr9crn86m9\nvT1W3tHRofz8fGVnZ2v79u1xPg0AQDxNGQ6PPvqo2trarilrbGxUWVmZTp06pdLSUgUCAUnSyZMn\n1dzcrK6uLrW2tqq+vl7GGEnStm3btHfvXnV3d6u7u9vaJwAgcUwZDvfdd5+WLVt2TVlLS4vq6uok\nSXV1dTp06JAk6fDhw6qtrVVqaqqysrLk9XoVCoUUiUR0/vx5FRUVSZI2b94cqwMASDwzmnMYGhqS\n0+mUJLlcLg0NDUmSwuGwMjMzY99zu90Kh8MKh8PyeDyxco/Ho3A4fCPtBgDMotR47MThcMRjN//l\nhavel3z1AgBcEQwGFQwGZ2XfMwoHp9OpwcFBOZ1ORSIRLV++XNLYSKG/vz/2vYGBAbnd7gnLJ/fC\nTJoGAEmjpKREJSUlsc8NDQ1x2/e0LisZY2ITy5JUVVWl/fv3S5IOHDig6urqWHlTU5NGR0fV29ur\nnp4eFRcXy+VyaenSpQqFQjLG6ODBg7E6AIDEM+XI4ZFHHlEwGNS5c+d06623qqGhQT/72c/00EMP\nad++fVq5cqWam5slSX6/XzU1NfL7/UpLS9OePXtil5x2796tLVu26OLFi6qsrNS6detm98wAADPm\nMFcPCRLEWKDYzUpPz9ClS8PjbpMcSsBTAYA543DE7/cgd0gDACyEAwDAsojCIV0Oh2Pcl8uVNd+N\nA4AFJS73OSSGSxp/LkIaHJyN+zAAYPFaRCOHyYw/qmBEAQDjW0Qjh8mMP6pgRAEA40uSkQMA4HoQ\nDgAAC+EAALAQDgAAC+EwAZcrixVOAJJWkqxWmkj6FH+LghVOAJJTko8crixxHe91/RhtAFgsFtVT\nWSf+pT7RtpnVmajLJmo3T4wFMBd4KisAYFYl+ZzDTEw1TwEACx/hcN0mfsDf2KUoAFj4uKw0z5jE\nBpCImJBmEhvAIhHPCWkuK80J5ikALCyEw5xgngLAwsKcAwDAQjgsQExiA5htTEgncB0msQFcD+6Q\nBgDMKiakExYrnADMH8IhYbHCCcD84bISAMByQ+GQlZWl1atXq7CwUMXFxZKk4eFhlZeXKycnRxUV\nFRoZGYl9PxAIyOv1yufzqb29/cZaDgCYNTcUDikpKQoGgzp+/LhCoZAkqbGxUWVlZTp16pRKS0sV\nCAQkSSdPnlRzc7O6urrU2tqq+vp6VtYAQIK6oXAwxigajV5T1tLSorq6OklSXV2dDh06JEk6fPiw\namtrlZqaqqysLHm93ligAAASyw2Fg8Ph0Nq1a1VUVKRXX31VkjQ4OCin0ylJcrlcGhoakiSFw2Fl\nZmbG6rrdboXD4Rs5PABgltzQaqVjx45pxYoV+uc//xmbZ/jv5ZcsxwSAheeGwmHFihWSpFtuuUXf\n+973FAqF5HQ6Y6OHSCSi5cuXSxobKfT398fqDgwMyO12T7L3F656X/LVCwBwRTAYVDAYnJV9z/jx\nGZ9//rmi0aiWLFmizz77TOXl5Xr++ed19OhRZWRk6Nlnn9WLL76o4eFhNTY26uTJk9q4caPeffdd\nhcNhrV27Vh988MG4IwsenzHTOv+jsfsjbCkpNysa/XzcbU7nSkUifRMcC8BCkRB/z2FwcFAPPvig\nHA6HLl++rI0bN6q8vFx33323ampqtG/fPq1cuVLNzc2SJL/fr5qaGvn9fqWlpWnPnj1ccoq7iW+c\ni0YnDpvBQf4dAFyLB+8lfZ2xbQn4YwDgOvHgPcRZOo8AB3ANwgH6z+Woa1+Dg5FxQ4PgABY/HryH\nSUw8h8E8BbC4MXIAAFgIBwCAhXAAAFgIB8wQK5yAxYwJaczQ+JPVTFQDiwMjBwCAhXAAAFgIBwCA\nhXBAnI0/UT3ZZLXLlcWd2ECCYUIacTbZXdX/M8mTeLkTG0gkhAPm0ETBQQAAiYbLSgAAC+GABMfN\ndsB84LISEhw32wHzgZEDFqjrXxUFYPoIByxQ4/+BorE/UvThuDVYMgtMH5eVkDTGQoMls8B0MHLA\nIjT+JaeZYLSBZMXIAYvQTO6nSOcGPeAqjBwASRPPYUyGZbZYvBg5ADPGMlssXowcgLibeJntTTd9\nnTkMLAiEAxB3Ey+zjUY/n3Db4GCE0EDCIByAhDF+qEwUGgQHZhPhACS8yW74Gz84uHyFGzXn4XDk\nyBHdcccdys7O1osvvjjXhwcWmfGDYyaXrwgUXG1OwyEajerHP/6x2tradOLECb3++ut6//3357IJ\nC1BwvhuQQILz3YAEEryBuosrUILB4JwcJ9nMaTiEQiF5vV6tXLlSaWlpqq2tVUtLy1w2YQEKzncD\nEkhwvhuQQIJzfLz5DZTJ7lT/3/9dO+8BtRjN6X0O4XBYmZmZsc8ej0ehUGgumwBgzox/H0g06hi3\nXJrZn5Idu/P9+vaXknLzV8FmczpXKhLpm+BYySNhb4L7xjfWW2WfffbZPLQEwNyJ95+SjV9ATRYo\nE22bLGhcrqxxnyCcKME1p+Hgdrv10UcfxT4PDAzI7XaP+91PP/2/SfY00Q/KZD9AC7lOwywfJ977\nm806DROUx/s481HnevfXMMm2eB5nIdeZ6f5sE/3Cnmzb4OCH1/3Qx8mOM5P9zZTDGDPVA2Ti5ssv\nv1ROTo6OHj2qFStWqLi4WK+//rp8Pt9cNQEAMA1zOnK46aab9PLLL6u8vFzRaFRbt24lGAAgAc3p\nyAEAsDAk1B3SyXaD3MDAgEpLS5Wbm6u8vDy99NJLkqTh4WGVl5crJydHFRUVGhkZidUJBALyer3y\n+Xxqb2+fr6bPimg0qjVr1qiqqkpS8vaDJI2MjOihhx6Sz+dTbm6u3n333aTtj0AgoNzcXOXn52vj\nxo0aHR1Nmr7YunWrnE6n8vPzY2UzOfeOjg7l5+crOztb27dvn97BTYL48ssvzapVq0xfX58ZHR01\nq1evNl1dXfPdrFl19uxZc/z4cWOMMefPnzfZ2dmmq6vL/PSnPzUvvviiMcaYxsZG8+yzzxpjjDlx\n4oQpKCgwX3zxhent7TWrVq0y0Wh03tofbzt37jQbN24069evN8aYpO0HY4ypq6sz+/btM8YY88UX\nX5hPPvkkKfujr6/PfPvb3zaXLl0yxhhTU1Nj9u/fnzR98ec//9kcP37c5OXlxcpmcu7FxcUmFAoZ\nY4x54IEHzJEjR6Y8dsKEw9tvv23WrVsX+xwIBExjY+M8tmjuVVdXmzfeeMPk5OSYSCRijBkLkJyc\nHGOM3Sfr1q0z77zzzry0Nd76+/tNWVmZeeutt2LhkIz9YIwxIyMj5rbbbrPKk7E/Pv74Y5OTk2M+\n/vhj88UXX5j169cn3f+Rvr6+a8Lhes/97Nmzxufzxcpff/1188Mf/nDK4ybMZaXxbpALh8Pz2KK5\n1dfXp87OTt17770aHByU0+mUJLlcLg0NDUmy+8jtdi+aPnrqqaf061//+pplesnYD5LU29urb33r\nW3r00Ue1Zs0a/eAHP9Dnn3+elP2xbNkyPfPMM7r11lvldru1dOlSlZWVJWVfXDE0NHRd5x4Oh+Xx\neGLl0/3dmjDhkMwuXLigDRs2aNeuXVqyZIm1jnmu1jXPlz/+8Y9yOp0qKCiQmWR9xGLvhysuX76s\njo4O/ehHP1JHR4e+/vWvq7GxMel+LiTp9OnT+s1vfqMPP/xQZ86c0WeffabXXnstKftiIrN17gkT\nDtdzg9xicvnyZW3YsEGbNm1SdXW1JMnpdGpwcFCSFIlEtHz5ckljfdTf3x+ru1j66NixYzp8+LBu\nu+02Pfzww3rzzTe1adMmuVyupOqHKzwejzIzM3X33XdLkr7//e+ro6Mj6X4uJOm9997Td77zHWVk\nZOimm27Sgw8+qL/+9a9J2RdXXO+5z7RPEiYcioqK1NPTow8//FCjo6NqamqKrVpZzB577DH5/X49\n+eSTsbKqqirt379fknTgwIFYaFRVVampqUmjo6Pq7e1VT0+PiouL56PZcbVjxw599NFHOn36tJqa\nmlRaWqrf/e53Wr9+fVL1wxVOp1OZmZnq7u6WJB09elS5ublJ93MhSTk5OXrnnXd08eJFGWN09OhR\n+f3+pOoLMzY3HPt8vefucrm0dOlShUIhGWN08ODBWJ2pDpwwWltbTXZ2trn99ttNIBCY7+bMur/8\n5S8mJSXFrF692hQUFJjCwkLT2tpqzp07Z+6//36TnZ1t1q5da4aHh2N1duzYYVatWmXuuOMO09bW\nNo+tnx3BYDA2IZ3M/dDZ2Wnuvvtus3r1avPggw+aTz75JGn741e/+pXx+/0mLy/PbN682YyOjiZN\nXzz88MNmxYoV5mtf+5rJzMw0+/btMx9//PF1n/t7771n7rzzTnP77bebn/zkJ9M6NjfBAQAsCXNZ\nCQCQOAgHAICFcAAAWAgHAICFcAAAWAgHAICFcAAAWAgHAIDl/wHPsSZ4FUHVHgAAAABJRU5ErkJg\ngg==\n",
      "text/plain": [
       "<matplotlib.figure.Figure at 0x7fe666374f98>"
      ]
     },
     "metadata": {},
     "output_type": "display_data"
    }
   ],
   "source": [
    "plt.hist(bike_rentals['cnt'],bins=50)\n",
    "plt.show()"
   ]
  },
  {
   "cell_type": "code",
   "execution_count": 38,
   "metadata": {
    "collapsed": false
   },
   "outputs": [
    {
     "data": {
      "text/html": [
       "<div>\n",
       "<style scoped>\n",
       "    .dataframe tbody tr th:only-of-type {\n",
       "        vertical-align: middle;\n",
       "    }\n",
       "\n",
       "    .dataframe tbody tr th {\n",
       "        vertical-align: top;\n",
       "    }\n",
       "\n",
       "    .dataframe thead th {\n",
       "        text-align: right;\n",
       "    }\n",
       "</style>\n",
       "<table border=\"1\" class=\"dataframe\">\n",
       "  <thead>\n",
       "    <tr style=\"text-align: right;\">\n",
       "      <th></th>\n",
       "      <th>instant</th>\n",
       "      <th>season</th>\n",
       "      <th>yr</th>\n",
       "      <th>mnth</th>\n",
       "      <th>hr</th>\n",
       "      <th>holiday</th>\n",
       "      <th>weekday</th>\n",
       "      <th>workingday</th>\n",
       "      <th>weathersit</th>\n",
       "      <th>temp</th>\n",
       "      <th>atemp</th>\n",
       "      <th>hum</th>\n",
       "      <th>windspeed</th>\n",
       "      <th>casual</th>\n",
       "      <th>registered</th>\n",
       "      <th>cnt</th>\n",
       "      <th>time_label</th>\n",
       "    </tr>\n",
       "  </thead>\n",
       "  <tbody>\n",
       "    <tr>\n",
       "      <th>instant</th>\n",
       "      <td>1.000000</td>\n",
       "      <td>0.404046</td>\n",
       "      <td>0.866014</td>\n",
       "      <td>0.489164</td>\n",
       "      <td>-0.004775</td>\n",
       "      <td>0.014723</td>\n",
       "      <td>0.001357</td>\n",
       "      <td>-0.003416</td>\n",
       "      <td>-0.014198</td>\n",
       "      <td>0.136178</td>\n",
       "      <td>0.137615</td>\n",
       "      <td>0.009577</td>\n",
       "      <td>-0.074505</td>\n",
       "      <td>0.158295</td>\n",
       "      <td>0.282046</td>\n",
       "      <td>0.278379</td>\n",
       "      <td>0.006705</td>\n",
       "    </tr>\n",
       "    <tr>\n",
       "      <th>season</th>\n",
       "      <td>0.404046</td>\n",
       "      <td>1.000000</td>\n",
       "      <td>-0.010742</td>\n",
       "      <td>0.830386</td>\n",
       "      <td>-0.006117</td>\n",
       "      <td>-0.009585</td>\n",
       "      <td>-0.002335</td>\n",
       "      <td>0.013743</td>\n",
       "      <td>-0.014524</td>\n",
       "      <td>0.312025</td>\n",
       "      <td>0.319380</td>\n",
       "      <td>0.150625</td>\n",
       "      <td>-0.149773</td>\n",
       "      <td>0.120206</td>\n",
       "      <td>0.174226</td>\n",
       "      <td>0.178056</td>\n",
       "      <td>0.006617</td>\n",
       "    </tr>\n",
       "    <tr>\n",
       "      <th>yr</th>\n",
       "      <td>0.866014</td>\n",
       "      <td>-0.010742</td>\n",
       "      <td>1.000000</td>\n",
       "      <td>-0.010473</td>\n",
       "      <td>-0.003867</td>\n",
       "      <td>0.006692</td>\n",
       "      <td>-0.004485</td>\n",
       "      <td>-0.002196</td>\n",
       "      <td>-0.019157</td>\n",
       "      <td>0.040913</td>\n",
       "      <td>0.039222</td>\n",
       "      <td>-0.083546</td>\n",
       "      <td>-0.008740</td>\n",
       "      <td>0.142779</td>\n",
       "      <td>0.253684</td>\n",
       "      <td>0.250495</td>\n",
       "      <td>0.004755</td>\n",
       "    </tr>\n",
       "    <tr>\n",
       "      <th>mnth</th>\n",
       "      <td>0.489164</td>\n",
       "      <td>0.830386</td>\n",
       "      <td>-0.010473</td>\n",
       "      <td>1.000000</td>\n",
       "      <td>-0.005772</td>\n",
       "      <td>0.018430</td>\n",
       "      <td>0.010400</td>\n",
       "      <td>-0.003477</td>\n",
       "      <td>0.005400</td>\n",
       "      <td>0.201691</td>\n",
       "      <td>0.208096</td>\n",
       "      <td>0.164411</td>\n",
       "      <td>-0.135386</td>\n",
       "      <td>0.068457</td>\n",
       "      <td>0.122273</td>\n",
       "      <td>0.120638</td>\n",
       "      <td>0.005786</td>\n",
       "    </tr>\n",
       "    <tr>\n",
       "      <th>hr</th>\n",
       "      <td>-0.004775</td>\n",
       "      <td>-0.006117</td>\n",
       "      <td>-0.003867</td>\n",
       "      <td>-0.005772</td>\n",
       "      <td>1.000000</td>\n",
       "      <td>0.000479</td>\n",
       "      <td>-0.003498</td>\n",
       "      <td>0.002285</td>\n",
       "      <td>-0.020203</td>\n",
       "      <td>0.137603</td>\n",
       "      <td>0.133750</td>\n",
       "      <td>-0.276498</td>\n",
       "      <td>0.137252</td>\n",
       "      <td>0.301202</td>\n",
       "      <td>0.374141</td>\n",
       "      <td>0.394071</td>\n",
       "      <td>-0.187486</td>\n",
       "    </tr>\n",
       "    <tr>\n",
       "      <th>holiday</th>\n",
       "      <td>0.014723</td>\n",
       "      <td>-0.009585</td>\n",
       "      <td>0.006692</td>\n",
       "      <td>0.018430</td>\n",
       "      <td>0.000479</td>\n",
       "      <td>1.000000</td>\n",
       "      <td>-0.102088</td>\n",
       "      <td>-0.252471</td>\n",
       "      <td>-0.017036</td>\n",
       "      <td>-0.027340</td>\n",
       "      <td>-0.030973</td>\n",
       "      <td>-0.010588</td>\n",
       "      <td>0.003988</td>\n",
       "      <td>0.031564</td>\n",
       "      <td>-0.047345</td>\n",
       "      <td>-0.030927</td>\n",
       "      <td>-0.000702</td>\n",
       "    </tr>\n",
       "    <tr>\n",
       "      <th>weekday</th>\n",
       "      <td>0.001357</td>\n",
       "      <td>-0.002335</td>\n",
       "      <td>-0.004485</td>\n",
       "      <td>0.010400</td>\n",
       "      <td>-0.003498</td>\n",
       "      <td>-0.102088</td>\n",
       "      <td>1.000000</td>\n",
       "      <td>0.035955</td>\n",
       "      <td>0.003311</td>\n",
       "      <td>-0.001795</td>\n",
       "      <td>-0.008821</td>\n",
       "      <td>-0.037158</td>\n",
       "      <td>0.011502</td>\n",
       "      <td>0.032721</td>\n",
       "      <td>0.021578</td>\n",
       "      <td>0.026900</td>\n",
       "      <td>0.002173</td>\n",
       "    </tr>\n",
       "    <tr>\n",
       "      <th>workingday</th>\n",
       "      <td>-0.003416</td>\n",
       "      <td>0.013743</td>\n",
       "      <td>-0.002196</td>\n",
       "      <td>-0.003477</td>\n",
       "      <td>0.002285</td>\n",
       "      <td>-0.252471</td>\n",
       "      <td>0.035955</td>\n",
       "      <td>1.000000</td>\n",
       "      <td>0.044672</td>\n",
       "      <td>0.055390</td>\n",
       "      <td>0.054667</td>\n",
       "      <td>0.015688</td>\n",
       "      <td>-0.011830</td>\n",
       "      <td>-0.300942</td>\n",
       "      <td>0.134326</td>\n",
       "      <td>0.030284</td>\n",
       "      <td>-0.000897</td>\n",
       "    </tr>\n",
       "    <tr>\n",
       "      <th>weathersit</th>\n",
       "      <td>-0.014198</td>\n",
       "      <td>-0.014524</td>\n",
       "      <td>-0.019157</td>\n",
       "      <td>0.005400</td>\n",
       "      <td>-0.020203</td>\n",
       "      <td>-0.017036</td>\n",
       "      <td>0.003311</td>\n",
       "      <td>0.044672</td>\n",
       "      <td>1.000000</td>\n",
       "      <td>-0.102640</td>\n",
       "      <td>-0.105563</td>\n",
       "      <td>0.418130</td>\n",
       "      <td>0.026226</td>\n",
       "      <td>-0.152628</td>\n",
       "      <td>-0.120966</td>\n",
       "      <td>-0.142426</td>\n",
       "      <td>-0.035784</td>\n",
       "    </tr>\n",
       "    <tr>\n",
       "      <th>temp</th>\n",
       "      <td>0.136178</td>\n",
       "      <td>0.312025</td>\n",
       "      <td>0.040913</td>\n",
       "      <td>0.201691</td>\n",
       "      <td>0.137603</td>\n",
       "      <td>-0.027340</td>\n",
       "      <td>-0.001795</td>\n",
       "      <td>0.055390</td>\n",
       "      <td>-0.102640</td>\n",
       "      <td>1.000000</td>\n",
       "      <td>0.987672</td>\n",
       "      <td>-0.069881</td>\n",
       "      <td>-0.023125</td>\n",
       "      <td>0.459616</td>\n",
       "      <td>0.335361</td>\n",
       "      <td>0.404772</td>\n",
       "      <td>-0.061551</td>\n",
       "    </tr>\n",
       "    <tr>\n",
       "      <th>atemp</th>\n",
       "      <td>0.137615</td>\n",
       "      <td>0.319380</td>\n",
       "      <td>0.039222</td>\n",
       "      <td>0.208096</td>\n",
       "      <td>0.133750</td>\n",
       "      <td>-0.030973</td>\n",
       "      <td>-0.008821</td>\n",
       "      <td>0.054667</td>\n",
       "      <td>-0.105563</td>\n",
       "      <td>0.987672</td>\n",
       "      <td>1.000000</td>\n",
       "      <td>-0.051918</td>\n",
       "      <td>-0.062336</td>\n",
       "      <td>0.454080</td>\n",
       "      <td>0.332559</td>\n",
       "      <td>0.400929</td>\n",
       "      <td>-0.057494</td>\n",
       "    </tr>\n",
       "    <tr>\n",
       "      <th>hum</th>\n",
       "      <td>0.009577</td>\n",
       "      <td>0.150625</td>\n",
       "      <td>-0.083546</td>\n",
       "      <td>0.164411</td>\n",
       "      <td>-0.276498</td>\n",
       "      <td>-0.010588</td>\n",
       "      <td>-0.037158</td>\n",
       "      <td>0.015688</td>\n",
       "      <td>0.418130</td>\n",
       "      <td>-0.069881</td>\n",
       "      <td>-0.051918</td>\n",
       "      <td>1.000000</td>\n",
       "      <td>-0.290105</td>\n",
       "      <td>-0.347028</td>\n",
       "      <td>-0.273933</td>\n",
       "      <td>-0.322911</td>\n",
       "      <td>0.144593</td>\n",
       "    </tr>\n",
       "    <tr>\n",
       "      <th>windspeed</th>\n",
       "      <td>-0.074505</td>\n",
       "      <td>-0.149773</td>\n",
       "      <td>-0.008740</td>\n",
       "      <td>-0.135386</td>\n",
       "      <td>0.137252</td>\n",
       "      <td>0.003988</td>\n",
       "      <td>0.011502</td>\n",
       "      <td>-0.011830</td>\n",
       "      <td>0.026226</td>\n",
       "      <td>-0.023125</td>\n",
       "      <td>-0.062336</td>\n",
       "      <td>-0.290105</td>\n",
       "      <td>1.000000</td>\n",
       "      <td>0.090287</td>\n",
       "      <td>0.082321</td>\n",
       "      <td>0.093234</td>\n",
       "      <td>-0.109462</td>\n",
       "    </tr>\n",
       "    <tr>\n",
       "      <th>casual</th>\n",
       "      <td>0.158295</td>\n",
       "      <td>0.120206</td>\n",
       "      <td>0.142779</td>\n",
       "      <td>0.068457</td>\n",
       "      <td>0.301202</td>\n",
       "      <td>0.031564</td>\n",
       "      <td>0.032721</td>\n",
       "      <td>-0.300942</td>\n",
       "      <td>-0.152628</td>\n",
       "      <td>0.459616</td>\n",
       "      <td>0.454080</td>\n",
       "      <td>-0.347028</td>\n",
       "      <td>0.090287</td>\n",
       "      <td>1.000000</td>\n",
       "      <td>0.506618</td>\n",
       "      <td>0.694564</td>\n",
       "      <td>-0.250076</td>\n",
       "    </tr>\n",
       "    <tr>\n",
       "      <th>registered</th>\n",
       "      <td>0.282046</td>\n",
       "      <td>0.174226</td>\n",
       "      <td>0.253684</td>\n",
       "      <td>0.122273</td>\n",
       "      <td>0.374141</td>\n",
       "      <td>-0.047345</td>\n",
       "      <td>0.021578</td>\n",
       "      <td>0.134326</td>\n",
       "      <td>-0.120966</td>\n",
       "      <td>0.335361</td>\n",
       "      <td>0.332559</td>\n",
       "      <td>-0.273933</td>\n",
       "      <td>0.082321</td>\n",
       "      <td>0.506618</td>\n",
       "      <td>1.000000</td>\n",
       "      <td>0.972151</td>\n",
       "      <td>-0.371916</td>\n",
       "    </tr>\n",
       "    <tr>\n",
       "      <th>cnt</th>\n",
       "      <td>0.278379</td>\n",
       "      <td>0.178056</td>\n",
       "      <td>0.250495</td>\n",
       "      <td>0.120638</td>\n",
       "      <td>0.394071</td>\n",
       "      <td>-0.030927</td>\n",
       "      <td>0.026900</td>\n",
       "      <td>0.030284</td>\n",
       "      <td>-0.142426</td>\n",
       "      <td>0.404772</td>\n",
       "      <td>0.400929</td>\n",
       "      <td>-0.322911</td>\n",
       "      <td>0.093234</td>\n",
       "      <td>0.694564</td>\n",
       "      <td>0.972151</td>\n",
       "      <td>1.000000</td>\n",
       "      <td>-0.378318</td>\n",
       "    </tr>\n",
       "    <tr>\n",
       "      <th>time_label</th>\n",
       "      <td>0.006705</td>\n",
       "      <td>0.006617</td>\n",
       "      <td>0.004755</td>\n",
       "      <td>0.005786</td>\n",
       "      <td>-0.187486</td>\n",
       "      <td>-0.000702</td>\n",
       "      <td>0.002173</td>\n",
       "      <td>-0.000897</td>\n",
       "      <td>-0.035784</td>\n",
       "      <td>-0.061551</td>\n",
       "      <td>-0.057494</td>\n",
       "      <td>0.144593</td>\n",
       "      <td>-0.109462</td>\n",
       "      <td>-0.250076</td>\n",
       "      <td>-0.371916</td>\n",
       "      <td>-0.378318</td>\n",
       "      <td>1.000000</td>\n",
       "    </tr>\n",
       "  </tbody>\n",
       "</table>\n",
       "</div>"
      ],
      "text/plain": [
       "             instant    season        yr      mnth        hr   holiday  \\\n",
       "instant     1.000000  0.404046  0.866014  0.489164 -0.004775  0.014723   \n",
       "season      0.404046  1.000000 -0.010742  0.830386 -0.006117 -0.009585   \n",
       "yr          0.866014 -0.010742  1.000000 -0.010473 -0.003867  0.006692   \n",
       "mnth        0.489164  0.830386 -0.010473  1.000000 -0.005772  0.018430   \n",
       "hr         -0.004775 -0.006117 -0.003867 -0.005772  1.000000  0.000479   \n",
       "holiday     0.014723 -0.009585  0.006692  0.018430  0.000479  1.000000   \n",
       "weekday     0.001357 -0.002335 -0.004485  0.010400 -0.003498 -0.102088   \n",
       "workingday -0.003416  0.013743 -0.002196 -0.003477  0.002285 -0.252471   \n",
       "weathersit -0.014198 -0.014524 -0.019157  0.005400 -0.020203 -0.017036   \n",
       "temp        0.136178  0.312025  0.040913  0.201691  0.137603 -0.027340   \n",
       "atemp       0.137615  0.319380  0.039222  0.208096  0.133750 -0.030973   \n",
       "hum         0.009577  0.150625 -0.083546  0.164411 -0.276498 -0.010588   \n",
       "windspeed  -0.074505 -0.149773 -0.008740 -0.135386  0.137252  0.003988   \n",
       "casual      0.158295  0.120206  0.142779  0.068457  0.301202  0.031564   \n",
       "registered  0.282046  0.174226  0.253684  0.122273  0.374141 -0.047345   \n",
       "cnt         0.278379  0.178056  0.250495  0.120638  0.394071 -0.030927   \n",
       "time_label  0.006705  0.006617  0.004755  0.005786 -0.187486 -0.000702   \n",
       "\n",
       "             weekday  workingday  weathersit      temp     atemp       hum  \\\n",
       "instant     0.001357   -0.003416   -0.014198  0.136178  0.137615  0.009577   \n",
       "season     -0.002335    0.013743   -0.014524  0.312025  0.319380  0.150625   \n",
       "yr         -0.004485   -0.002196   -0.019157  0.040913  0.039222 -0.083546   \n",
       "mnth        0.010400   -0.003477    0.005400  0.201691  0.208096  0.164411   \n",
       "hr         -0.003498    0.002285   -0.020203  0.137603  0.133750 -0.276498   \n",
       "holiday    -0.102088   -0.252471   -0.017036 -0.027340 -0.030973 -0.010588   \n",
       "weekday     1.000000    0.035955    0.003311 -0.001795 -0.008821 -0.037158   \n",
       "workingday  0.035955    1.000000    0.044672  0.055390  0.054667  0.015688   \n",
       "weathersit  0.003311    0.044672    1.000000 -0.102640 -0.105563  0.418130   \n",
       "temp       -0.001795    0.055390   -0.102640  1.000000  0.987672 -0.069881   \n",
       "atemp      -0.008821    0.054667   -0.105563  0.987672  1.000000 -0.051918   \n",
       "hum        -0.037158    0.015688    0.418130 -0.069881 -0.051918  1.000000   \n",
       "windspeed   0.011502   -0.011830    0.026226 -0.023125 -0.062336 -0.290105   \n",
       "casual      0.032721   -0.300942   -0.152628  0.459616  0.454080 -0.347028   \n",
       "registered  0.021578    0.134326   -0.120966  0.335361  0.332559 -0.273933   \n",
       "cnt         0.026900    0.030284   -0.142426  0.404772  0.400929 -0.322911   \n",
       "time_label  0.002173   -0.000897   -0.035784 -0.061551 -0.057494  0.144593   \n",
       "\n",
       "            windspeed    casual  registered       cnt  time_label  \n",
       "instant     -0.074505  0.158295    0.282046  0.278379    0.006705  \n",
       "season      -0.149773  0.120206    0.174226  0.178056    0.006617  \n",
       "yr          -0.008740  0.142779    0.253684  0.250495    0.004755  \n",
       "mnth        -0.135386  0.068457    0.122273  0.120638    0.005786  \n",
       "hr           0.137252  0.301202    0.374141  0.394071   -0.187486  \n",
       "holiday      0.003988  0.031564   -0.047345 -0.030927   -0.000702  \n",
       "weekday      0.011502  0.032721    0.021578  0.026900    0.002173  \n",
       "workingday  -0.011830 -0.300942    0.134326  0.030284   -0.000897  \n",
       "weathersit   0.026226 -0.152628   -0.120966 -0.142426   -0.035784  \n",
       "temp        -0.023125  0.459616    0.335361  0.404772   -0.061551  \n",
       "atemp       -0.062336  0.454080    0.332559  0.400929   -0.057494  \n",
       "hum         -0.290105 -0.347028   -0.273933 -0.322911    0.144593  \n",
       "windspeed    1.000000  0.090287    0.082321  0.093234   -0.109462  \n",
       "casual       0.090287  1.000000    0.506618  0.694564   -0.250076  \n",
       "registered   0.082321  0.506618    1.000000  0.972151   -0.371916  \n",
       "cnt          0.093234  0.694564    0.972151  1.000000   -0.378318  \n",
       "time_label  -0.109462 -0.250076   -0.371916 -0.378318    1.000000  "
      ]
     },
     "execution_count": 38,
     "metadata": {},
     "output_type": "execute_result"
    }
   ],
   "source": [
    "bike_rentals.corr()"
   ]
  },
  {
   "cell_type": "code",
   "execution_count": 49,
   "metadata": {
    "collapsed": false
   },
   "outputs": [
    {
     "data": {
      "text/plain": [
       "cnt           1.000000\n",
       "registered    0.972151\n",
       "casual        0.694564\n",
       "temp          0.404772\n",
       "atemp         0.400929\n",
       "hr            0.394071\n",
       "time_label    0.378318\n",
       "hum           0.322911\n",
       "instant       0.278379\n",
       "yr            0.250495\n",
       "Name: cnt, dtype: float64"
      ]
     },
     "execution_count": 49,
     "metadata": {},
     "output_type": "execute_result"
    }
   ],
   "source": [
    "bike_rentals.corr()['cnt'].apply(np.abs).sort_values(ascending=False)[:10]"
   ]
  },
  {
   "cell_type": "code",
   "execution_count": 18,
   "metadata": {
    "collapsed": true
   },
   "outputs": [],
   "source": [
    "def assign_label(hr):\n",
    "    if 0 <= hr < 6:\n",
    "        return 4\n",
    "    elif 6 <= hr < 12:\n",
    "        return 1\n",
    "    elif 12 <= hr < 18:\n",
    "        return 2\n",
    "    elif 18 <= hr <= 24:\n",
    "        return 3\n"
   ]
  },
  {
   "cell_type": "code",
   "execution_count": 27,
   "metadata": {
    "collapsed": false
   },
   "outputs": [],
   "source": [
    "bike_rentals['time_label'] = bike_rentals['hr'].apply(assign_label)"
   ]
  },
  {
   "cell_type": "markdown",
   "metadata": {},
   "source": [
    "Based on the correlations examination performed, I am choosing to use Mean Absolute Error metric.  It doesnt appear that we need to give as much importance to big errors for this so RMSE isnt needed."
   ]
  },
  {
   "cell_type": "code",
   "execution_count": 39,
   "metadata": {
    "collapsed": true
   },
   "outputs": [],
   "source": [
    "from sklearn.metrics import mean_absolute_error"
   ]
  },
  {
   "cell_type": "code",
   "execution_count": 40,
   "metadata": {
    "collapsed": true
   },
   "outputs": [],
   "source": [
    "train = bike_rentals.sample(frac=0.8, replace=True, random_state=1)\n",
    "test = bike_rentals.loc[~bike_rentals.index.isin(train.index)]"
   ]
  },
  {
   "cell_type": "code",
   "execution_count": 41,
   "metadata": {
    "collapsed": true
   },
   "outputs": [],
   "source": [
    "from sklearn.linear_model import LinearRegression"
   ]
  },
  {
   "cell_type": "code",
   "execution_count": 86,
   "metadata": {
    "collapsed": true
   },
   "outputs": [],
   "source": [
    "predictors = [ \"time_label\",\"hr\", \"atemp\", \"hum\", \"instant\"]"
   ]
  },
  {
   "cell_type": "code",
   "execution_count": 87,
   "metadata": {
    "collapsed": true
   },
   "outputs": [],
   "source": [
    "lr = LinearRegression()\n",
    "lr.fit(train[predictors],train['cnt'])\n",
    "predictions = lr.predict(test[predictors])\n",
    "error = mean_absolute_error(test['cnt'], predictions)"
   ]
  },
  {
   "cell_type": "code",
   "execution_count": 88,
   "metadata": {
    "collapsed": false
   },
   "outputs": [
    {
     "name": "stdout",
     "output_type": "stream",
     "text": [
      "99.38993701801665\n"
     ]
    }
   ],
   "source": [
    "print(error)"
   ]
  },
  {
   "cell_type": "markdown",
   "metadata": {},
   "source": [
    "Error reduces most when using 5 predictors to get it below 100.  It seems MSE is a bit high though."
   ]
  },
  {
   "cell_type": "code",
   "execution_count": 89,
   "metadata": {
    "collapsed": true
   },
   "outputs": [],
   "source": [
    "from sklearn.tree import DecisionTreeRegressor"
   ]
  },
  {
   "cell_type": "code",
   "execution_count": 124,
   "metadata": {
    "collapsed": true
   },
   "outputs": [],
   "source": [
    "dt = DecisionTreeRegressor(min_samples_leaf=8)"
   ]
  },
  {
   "cell_type": "code",
   "execution_count": 125,
   "metadata": {
    "collapsed": false
   },
   "outputs": [
    {
     "name": "stdout",
     "output_type": "stream",
     "text": [
      "59.48073311479012\n"
     ]
    }
   ],
   "source": [
    "dt.fit(train[predictors], train['cnt'])\n",
    "predicts = dt.predict(test[predictors])\n",
    "error = mean_absolute_error(test['cnt'], predicts)\n",
    "print(error)"
   ]
  },
  {
   "cell_type": "markdown",
   "metadata": {},
   "source": [
    "Adjusting 'min_samples_leaf' reduced the initial error from 64 down to 59.  I expected decision tree to better predict this data set than linear regression due to the type of data and what we are trying to predict."
   ]
  },
  {
   "cell_type": "code",
   "execution_count": 161,
   "metadata": {
    "collapsed": false
   },
   "outputs": [
    {
     "name": "stdout",
     "output_type": "stream",
     "text": [
      "53.90258219524532\n"
     ]
    }
   ],
   "source": [
    "from sklearn.ensemble import RandomForestRegressor\n",
    "\n",
    "rf = RandomForestRegressor(min_samples_leaf=1, n_estimators=50)\n",
    "rf.fit(train[predictors], train['cnt'])\n",
    "predicts_rf = rf.predict(test[predictors])\n",
    "error = mean_absolute_error(test['cnt'], predicts_rf)\n",
    "print(error)"
   ]
  },
  {
   "cell_type": "markdown",
   "metadata": {},
   "source": [
    "As expected, I was able to further reduce the MAE by using random forest algorithm as well as adjusting a few parameters."
   ]
  },
  {
   "cell_type": "code",
   "execution_count": null,
   "metadata": {
    "collapsed": true
   },
   "outputs": [],
   "source": []
  }
 ],
 "metadata": {
  "kernelspec": {
   "display_name": "Python 3",
   "language": "python",
   "name": "python3"
  },
  "language_info": {
   "codemirror_mode": {
    "name": "ipython",
    "version": 3
   },
   "file_extension": ".py",
   "mimetype": "text/x-python",
   "name": "python",
   "nbconvert_exporter": "python",
   "pygments_lexer": "ipython3",
   "version": "3.4.3"
  }
 },
 "nbformat": 4,
 "nbformat_minor": 0
}
